3 3 9 30
0.1 0.1 0.1
0.3 0.3 0.3
0.3 0.3 0.3
0.1 0.1 0.1
0.1 0.1 0.1
0.3 0.3 0.3
0.3 0.3 0.3
0.1 0.1 0.1
0.1 0.1 0.1
0.3 0.3 0.3
0.3 0.3 0.3
0.1 0.1 0.1
0.1 0.1 0.1
0.3 0.3 0.3
0.3 0.3 0.3
0.1 0.1 0.1
0.1 0.1 0.1
0.3 0.3 0.3
0.3 0.3 0.3
0.1 0.1 0.1
0.1 0.1 0.1
0.3 0.3 0.3
0.3 0.3 0.3
0.1 0.1 0.1
0.1 0.1 0.1
0.3 0.3 0.3
0.3 0.3 0.3
0.1 0.1 0.1
0.1 0.1 0.1
0.3 0.3 0.3
0.3 0.3 0.3
0.1 0.1 0.1
0.1 0.1 0.1
0.3 0.3 0.3
0.3 0.3 0.3
0.1 0.1 0.1
0.1 0.1 0.1
0.3 0.3 0.3
0.3 0.3 0.3
0.1 0.1 0.1
0.1 0.1 0.1
0.3 0.3 0.3
0.3 0.3 0.3
0.1 0.1 0.1
0.1 0.1 0.1
0.3 0.3 0.3
0.3 0.3 0.3
0.1 0.1 0.1
0.1 0.1 0.1
0.3 0.3 0.3
0.3 0.3 0.3
0.1 0.1 0.1
0.1 0.1 0.1
0.3 0.3 0.3
0.3 0.3 0.3
0.1 0.1 0.1
0.1 0.1 0.1
0.3 0.3 0.3
0.3 0.3 0.3
0.1 0.1 0.1
0.1 0.1 0.1
0.3 0.3 0.3
0.3 0.3 0.3
0.1 0.1 0.1
0.1 0.1 0.1
0.3 0.3 0.3
0.3 0.3 0.3
0.1 0.1 0.1
0.1 0.1 0.1
0.3 0.3 0.3
0.3 0.3 0.3
0.1 0.1 0.1